
u'(t) = u''(x)
condition : 
u(x,0) = sin(3.14x)
u(0,t) = u(1,t) = 0.

h = 1/4
k = 1/16

Solution at t = 0.000000 is :
U[0.00][0] = 0.000000
U[0.25][0] = 0.707107
U[0.50][0] = 1.000000
U[0.75][0] = 0.707107
U[1.00][0] = 0.000000

Solution at t = 0.062500 is :
U[0.00][1] = 0.000000
U[0.25][1] = 0.292893
U[0.50][1] = 0.414214
U[0.75][1] = 0.292893
U[1.00][1] = 0.000000

Solution at t = 0.125000 is :
U[0.00][2] = 0.000000
U[0.25][2] = 0.121320
U[0.50][2] = 0.171573
U[0.75][2] = 0.121320
U[1.00][2] = 0.000000

Solution at t = 0.187500 is :
U[0.00][3] = 0.000000
U[0.25][3] = 0.050253
U[0.50][3] = 0.071068
U[0.75][3] = 0.050253
U[1.00][3] = 0.000000

Solution at t = 0.250000 is :
U[0.00][4] = 0.000000
U[0.25][4] = 0.020815
U[0.50][4] = 0.029438
U[0.75][4] = 0.020815
U[1.00][4] = 0.000000

Solution at t = 0.312500 is :
U[0.00][5] = 0.000000
U[0.25][5] = 0.008622
U[0.50][5] = 0.012193
U[0.75][5] = 0.008622
U[1.00][5] = 0.000000

Solution at t = 0.375000 is :
U[0.00][6] = 0.000000
U[0.25][6] = 0.003570
U[0.50][6] = 0.005052
U[0.75][6] = 0.003570
U[1.00][6] = 0.000000

Solution at t = 0.437500 is :
U[0.00][7] = 0.000000
U[0.25][7] = 0.001482
U[0.50][7] = 0.002088
U[0.75][7] = 0.001482
U[1.00][7] = 0.000000

Solution at t = 0.500000 is :
U[0.00][8] = 0.000000
U[0.25][8] = 0.000606
U[0.50][8] = 0.000876
U[0.75][8] = 0.000606
U[1.00][8] = 0.000000

Solution at t = 0.562500 is :
U[0.00][9] = 0.000000
U[0.25][9] = 0.000271
U[0.50][9] = 0.000335
U[0.75][9] = 0.000271
U[1.00][9] = 0.000000

Solution at t = 0.625000 is :
U[0.00][10] = 0.000000
U[0.25][10] = 0.000064
U[0.50][10] = 0.000206
U[0.75][10] = 0.000064
U[1.00][10] = 0.000000

Solution at t = 0.687500 is :
U[0.00][11] = 0.000000
U[0.25][11] = 0.000142
U[0.50][11] = -0.000077
U[0.75][11] = 0.000142
U[1.00][11] = 0.000000

Solution at t = 0.750000 is :
U[0.00][12] = 0.000000
U[0.25][12] = -0.000219
U[0.50][12] = 0.000361
U[0.75][12] = -0.000219
U[1.00][12] = 0.000000

Solution at t = 0.812500 is :
U[0.00][13] = 0.000000
U[0.25][13] = 0.000580
U[0.50][13] = -0.000799
U[0.75][13] = 0.000580
U[1.00][13] = 0.000000

Solution at t = 0.875000 is :
U[0.00][14] = 0.000000
U[0.25][14] = -0.001379
U[0.50][14] = 0.001960
U[0.75][14] = -0.001379
U[1.00][14] = 0.000000

Solution at t = 0.937500 is :
U[0.00][15] = 0.000000
U[0.25][15] = 0.003339
U[0.50][15] = -0.004718
U[0.75][15] = 0.003339
U[1.00][15] = 0.000000

Solution at t = 1.000000 is :
U[0.00][16] = 0.000000
U[0.25][16] = -0.008057
U[0.50][16] = 0.011396
U[0.75][16] = -0.008057
U[1.00][16] = 0.000000
